window.PLOTLYENV=window.PLOTLYENV || {};
                    
if (document.getElementById("0c1fb625-0a54-4492-8975-a7f322d40569")) {
    Plotly.newPlot(
        '0c1fb625-0a54-4492-8975-a7f322d40569',
        [{"hoverinfo": "text", "marker": {"color": "rgb(61,153,112)"}, "mode": "lines", "type": "scatter", "x": [15.0, 15.0, 25.0, 25.0], "xaxis": "x", "y": [0.0, 22434.242357474912, 22434.242357474912, 0.0], "yaxis": "y2"}, {"hoverinfo": "text", "marker": {"color": "rgb(61,153,112)"}, "mode": "lines", "type": "scatter", "x": [35.0, 35.0, 45.0, 45.0], "xaxis": "x", "y": [0.0, 24771.70769754005, 24771.70769754005, 0.0], "yaxis": "y2"}, {"hoverinfo": "text", "marker": {"color": "rgb(61,153,112)"}, "mode": "lines", "type": "scatter", "x": [20.0, 20.0, 40.0, 40.0], "xaxis": "x", "y": [22434.242357474912, 141042.49896583526, 141042.49896583526, 24771.70769754005], "yaxis": "y2"}, {"hoverinfo": "text", "marker": {"color": "rgb(61,153,112)"}, "mode": "lines", "type": "scatter", "x": [75.0, 75.0, 85.0, 85.0], "xaxis": "x", "y": [0.0, 11685.21863083842, 11685.21863083842, 0.0], "yaxis": "y2"}, {"hoverinfo": "text", "marker": {"color": "rgb(61,153,112)"}, "mode": "lines", "type": "scatter", "x": [65.0, 65.0, 80.0, 80.0], "xaxis": "x", "y": [0.0, 45534.787850423505, 45534.787850423505, 11685.21863083842], "yaxis": "y2"}, {"hoverinfo": "text", "marker": {"color": "rgb(61,153,112)"}, "mode": "lines", "type": "scatter", "x": [55.0, 55.0, 72.5, 72.5], "xaxis": "x", "y": [0.0, 133118.8807160212, 133118.8807160212, 45534.787850423505], "yaxis": "y2"}, {"hoverinfo": "text", "marker": {"color": "rgb(61,153,112)"}, "mode": "lines", "type": "scatter", "x": [95.0, 95.0, 105.0, 105.0], "xaxis": "x", "y": [0.0, 36906.599707638285, 36906.599707638285, 0.0], "yaxis": "y2"}, {"hoverinfo": "text", "marker": {"color": "rgb(61,153,112)"}, "mode": "lines", "type": "scatter", "x": [125.0, 125.0, 135.0, 135.0], "xaxis": "x", "y": [0.0, 17416.111916051694, 17416.111916051694, 0.0], "yaxis": "y2"}, {"hoverinfo": "text", "marker": {"color": "rgb(61,153,112)"}, "mode": "lines", "type": "scatter", "x": [115.0, 115.0, 130.0, 130.0], "xaxis": "x", "y": [0.0, 78581.5468423602, 78581.5468423602, 17416.111916051694], "yaxis": "y2"}, {"hoverinfo": "text", "marker": {"color": "rgb(61,153,112)"}, "mode": "lines", "type": "scatter", "x": [100.0, 100.0, 122.5, 122.5], "xaxis": "x", "y": [36906.599707638285, 158709.73786166054, 158709.73786166054, 78581.5468423602], "yaxis": "y2"}, {"hoverinfo": "text", "marker": {"color": "rgb(61,153,112)"}, "mode": "lines", "type": "scatter", "x": [63.75, 63.75, 111.25, 111.25], "xaxis": "x", "y": [133118.8807160212, 356999.70226456726, 356999.70226456726, 158709.73786166054], "yaxis": "y2"}, {"hoverinfo": "text", "marker": {"color": "rgb(61,153,112)"}, "mode": "lines", "type": "scatter", "x": [30.0, 30.0, 87.5, 87.5], "xaxis": "x", "y": [141042.49896583526, 819938.184540062, 819938.184540062, 356999.70226456726], "yaxis": "y2"}, {"hoverinfo": "text", "marker": {"color": "rgb(0,116,217)"}, "mode": "lines", "type": "scatter", "x": [5.0, 5.0, 58.75, 58.75], "xaxis": "x", "y": [0.0, 2397055.03954691, 2397055.03954691, 819938.184540062], "yaxis": "y2"}, {"hoverinfo": "text", "marker": {"color": "rgb(61,153,112)"}, "mode": "lines", "type": "scatter", "x": [-0.0, -22434.242357474912, -22434.242357474912, -0.0], "xaxis": "x2", "y": [15.0, 15.0, 25.0, 25.0], "yaxis": "y"}, {"hoverinfo": "text", "marker": {"color": "rgb(61,153,112)"}, "mode": "lines", "type": "scatter", "x": [-0.0, -24771.70769754005, -24771.70769754005, -0.0], "xaxis": "x2", "y": [35.0, 35.0, 45.0, 45.0], "yaxis": "y"}, {"hoverinfo": "text", "marker": {"color": "rgb(61,153,112)"}, "mode": "lines", "type": "scatter", "x": [-22434.242357474912, -141042.49896583526, -141042.49896583526, -24771.70769754005], "xaxis": "x2", "y": [20.0, 20.0, 40.0, 40.0], "yaxis": "y"}, {"hoverinfo": "text", "marker": {"color": "rgb(61,153,112)"}, "mode": "lines", "type": "scatter", "x": [-0.0, -11685.21863083842, -11685.21863083842, -0.0], "xaxis": "x2", "y": [75.0, 75.0, 85.0, 85.0], "yaxis": "y"}, {"hoverinfo": "text", "marker": {"color": "rgb(61,153,112)"}, "mode": "lines", "type": "scatter", "x": [-0.0, -45534.787850423505, -45534.787850423505, -11685.21863083842], "xaxis": "x2", "y": [65.0, 65.0, 80.0, 80.0], "yaxis": "y"}, {"hoverinfo": "text", "marker": {"color": "rgb(61,153,112)"}, "mode": "lines", "type": "scatter", "x": [-0.0, -133118.8807160212, -133118.8807160212, -45534.787850423505], "xaxis": "x2", "y": [55.0, 55.0, 72.5, 72.5], "yaxis": "y"}, {"hoverinfo": "text", "marker": {"color": "rgb(61,153,112)"}, "mode": "lines", "type": "scatter", "x": [-0.0, -36906.599707638285, -36906.599707638285, -0.0], "xaxis": "x2", "y": [95.0, 95.0, 105.0, 105.0], "yaxis": "y"}, {"hoverinfo": "text", "marker": {"color": "rgb(61,153,112)"}, "mode": "lines", "type": "scatter", "x": [-0.0, -17416.111916051694, -17416.111916051694, -0.0], "xaxis": "x2", "y": [125.0, 125.0, 135.0, 135.0], "yaxis": "y"}, {"hoverinfo": "text", "marker": {"color": "rgb(61,153,112)"}, "mode": "lines", "type": "scatter", "x": [-0.0, -78581.5468423602, -78581.5468423602, -17416.111916051694], "xaxis": "x2", "y": [115.0, 115.0, 130.0, 130.0], "yaxis": "y"}, {"hoverinfo": "text", "marker": {"color": "rgb(61,153,112)"}, "mode": "lines", "type": "scatter", "x": [-36906.599707638285, -158709.73786166054, -158709.73786166054, -78581.5468423602], "xaxis": "x2", "y": [100.0, 100.0, 122.5, 122.5], "yaxis": "y"}, {"hoverinfo": "text", "marker": {"color": "rgb(61,153,112)"}, "mode": "lines", "type": "scatter", "x": [-133118.8807160212, -356999.70226456726, -356999.70226456726, -158709.73786166054], "xaxis": "x2", "y": [63.75, 63.75, 111.25, 111.25], "yaxis": "y"}, {"hoverinfo": "text", "marker": {"color": "rgb(61,153,112)"}, "mode": "lines", "type": "scatter", "x": [-141042.49896583526, -819938.184540062, -819938.184540062, -356999.70226456726], "xaxis": "x2", "y": [30.0, 30.0, 87.5, 87.5], "yaxis": "y"}, {"hoverinfo": "text", "marker": {"color": "rgb(0,116,217)"}, "mode": "lines", "type": "scatter", "x": [-0.0, -2397055.03954691, -2397055.03954691, -819938.184540062], "xaxis": "x2", "y": [5.0, 5.0, 58.75, 58.75], "yaxis": "y"}, {"colorscale": [[0.0, "#440154"], [0.1111111111111111, "#482878"], [0.2222222222222222, "#3e4989"], [0.3333333333333333, "#31688e"], [0.4444444444444444, "#26828e"], [0.5555555555555556, "#1f9e89"], [0.6666666666666666, "#35b779"], [0.7777777777777778, "#6ece58"], [0.8888888888888888, "#b5de2b"], [1.0, "#fde725"]], "type": "heatmap", "x": [5.0, 15.0, 25.0, 35.0, 45.0, 55.0, 65.0, 75.0, 85.0, 95.0, 105.0, 115.0, 125.0, 135.0], "y": [5.0, 15.0, 25.0, 35.0, 45.0, 55.0, 65.0, 75.0, 85.0, 95.0, 105.0, 115.0, 125.0, 135.0], "z": [[0.0, 1597038.8315944166, 1577681.965576067, 1701585.2175825145, 1718699.6447583714, 2040567.011246929, 2173027.9849155266, 2127509.143664326, 2134457.362313601, 2360173.2122876146, 2397055.03954691, 2317002.132986943, 2255971.4171072464, 2239137.027364734], [1597038.8315944166, 0.0, 22434.242357474912, 104870.69593016215, 122069.4529718828, 443539.9807199186, 576116.2024639144, 530595.6927322781, 537439.1978897275, 763349.5663538295, 800200.5646710985, 720080.2594423546, 658969.5267057866, 642118.6844568166], [1577681.965576067, 22434.242357474912, 0.0, 125398.14807525786, 141042.49896583526, 463058.39895129757, 595854.9615625348, 550356.78428983, 557011.4868644176, 783115.4574163358, 819938.184540062, 739770.4991421711, 678580.3040420717, 661665.1811389445], [1701585.2175825145, 104870.69593016215, 125398.14807525786, 0.0, 24771.70769754005, 339099.88550796144, 471452.10050286166, 425933.06233769923, 432910.08467636915, 658647.6934273696, 695513.7608953711, 615427.1848653518, 554392.2837851257, 537584.2276932491], [1718699.6447583714, 122069.4529718828, 141042.49896583526, 24771.70769754005, 0.0, 322043.6788083191, 454916.09636898356, 409438.86888789135, 416004.67059716204, 642171.6873680461, 678978.1322385896, 598793.2007807378, 537580.6917122374, 520645.20556941006], [2040567.011246929, 443539.9807199186, 463058.39895129757, 339099.88550796144, 322043.6788083191, 0.0, 133118.8807160212, 87892.65464396254, 93965.86449671499, 320240.22294598806, 356999.70226456726, 276792.2088279128, 215544.38149467818, 198608.67387586684], [2173027.9849155266, 576116.2024639144, 595854.9615625348, 471452.10050286166, 454916.09636898356, 133118.8807160212, 0.0, 45534.787850423505, 39758.760662711335, 187260.70885906892, 224091.92576168396, 143976.06423992367, 83181.83358112161, 66841.26921164201], [2127509.143664326, 530595.6927322781, 550356.78428983, 425933.06233769923, 409438.86888789135, 87892.65464396254, 45534.787850423505, 0.0, 11685.21863083842, 232766.31047779307, 269606.2374341432, 189502.58924857204, 128594.43667055994, 112045.22737709734], [2134457.362313601, 537439.1978897275, 557011.4868644176, 432910.08467636915, 416004.67059716204, 93965.86449671499, 39758.760662711335, 11685.21863083842, 0.0, 226322.98763336183, 263053.23347616824, 182839.58253879892, 121585.85600772047, 104680.65168261903], [2360173.2122876146, 763349.5663538295, 783115.4574163358, 658647.6934273696, 642171.6873680461, 320240.22294598806, 187260.70885906892, 232766.31047779307, 226322.98763336183, 0.0, 36906.599707638285, 43638.86304489711, 105031.1358217855, 122215.91831178874], [2397055.03954691, 800200.5646710985, 819938.184540062, 695513.7608953711, 678978.1322385896, 356999.70226456726, 224091.92576168396, 269606.2374341432, 263053.23347616824, 36906.599707638285, 0.0, 80221.42364068456, 141591.11428578224, 158709.73786166054], [2317002.132986943, 720080.2594423546, 739770.4991421711, 615427.1848653518, 598793.2007807378, 276792.2088279128, 143976.06423992367, 189502.58924857204, 182839.58253879892, 43638.86304489711, 80221.42364068456, 0.0, 61440.27774000503, 78581.5468423602], [2255971.4171072464, 658969.5267057866, 678580.3040420717, 554392.2837851257, 537580.6917122374, 215544.38149467818, 83181.83358112161, 128594.43667055994, 121585.85600772047, 105031.1358217855, 141591.11428578224, 61440.27774000503, 0.0, 17416.111916051694], [2239137.027364734, 642118.6844568166, 661665.1811389445, 537584.2276932491, 520645.20556941006, 198608.67387586684, 66841.26921164201, 112045.22737709734, 104680.65168261903, 122215.91831178874, 158709.73786166054, 78581.5468423602, 17416.111916051694, 0.0]]}],
        {"autosize": false, "height": 600, "hovermode": "closest", "showlegend": false, "template": {"data": {"bar": [{"error_x": {"color": "#2a3f5f"}, "error_y": {"color": "#2a3f5f"}, "marker": {"line": {"color": "#E5ECF6", "width": 0.5}}, "type": "bar"}], "barpolar": [{"marker": {"line": {"color": "#E5ECF6", "width": 0.5}}, "type": "barpolar"}], "carpet": [{"aaxis": {"endlinecolor": "#2a3f5f", "gridcolor": "white", "linecolor": "white", "minorgridcolor": "white", "startlinecolor": "#2a3f5f"}, "baxis": {"endlinecolor": "#2a3f5f", "gridcolor": "white", "linecolor": "white", "minorgridcolor": "white", "startlinecolor": "#2a3f5f"}, "type": "carpet"}], "choropleth": [{"colorbar": {"outlinewidth": 0, "ticks": ""}, "type": "choropleth"}], "contour": [{"colorbar": {"outlinewidth": 0, "ticks": ""}, "colorscale": [[0.0, "#0d0887"], [0.1111111111111111, "#46039f"], [0.2222222222222222, "#7201a8"], [0.3333333333333333, "#9c179e"], [0.4444444444444444, "#bd3786"], [0.5555555555555556, "#d8576b"], [0.6666666666666666, "#ed7953"], [0.7777777777777778, "#fb9f3a"], [0.8888888888888888, "#fdca26"], [1.0, "#f0f921"]], "type": "contour"}], "contourcarpet": [{"colorbar": {"outlinewidth": 0, "ticks": ""}, "type": "contourcarpet"}], "heatmap": [{"colorbar": {"outlinewidth": 0, "ticks": ""}, "colorscale": [[0.0, "#0d0887"], [0.1111111111111111, "#46039f"], [0.2222222222222222, "#7201a8"], [0.3333333333333333, "#9c179e"], [0.4444444444444444, "#bd3786"], [0.5555555555555556, "#d8576b"], [0.6666666666666666, "#ed7953"], [0.7777777777777778, "#fb9f3a"], [0.8888888888888888, "#fdca26"], [1.0, "#f0f921"]], "type": "heatmap"}], "heatmapgl": [{"colorbar": {"outlinewidth": 0, "ticks": ""}, "colorscale": [[0.0, "#0d0887"], [0.1111111111111111, "#46039f"], [0.2222222222222222, "#7201a8"], [0.3333333333333333, "#9c179e"], [0.4444444444444444, "#bd3786"], [0.5555555555555556, "#d8576b"], [0.6666666666666666, "#ed7953"], [0.7777777777777778, "#fb9f3a"], [0.8888888888888888, "#fdca26"], [1.0, "#f0f921"]], "type": "heatmapgl"}], "histogram": [{"marker": {"colorbar": {"outlinewidth": 0, "ticks": ""}}, "type": "histogram"}], "histogram2d": [{"colorbar": {"outlinewidth": 0, "ticks": ""}, "colorscale": [[0.0, "#0d0887"], [0.1111111111111111, "#46039f"], [0.2222222222222222, "#7201a8"], [0.3333333333333333, "#9c179e"], [0.4444444444444444, "#bd3786"], [0.5555555555555556, "#d8576b"], [0.6666666666666666, "#ed7953"], [0.7777777777777778, "#fb9f3a"], [0.8888888888888888, "#fdca26"], [1.0, "#f0f921"]], "type": "histogram2d"}], "histogram2dcontour": [{"colorbar": {"outlinewidth": 0, "ticks": ""}, "colorscale": [[0.0, "#0d0887"], [0.1111111111111111, "#46039f"], [0.2222222222222222, "#7201a8"], [0.3333333333333333, "#9c179e"], [0.4444444444444444, "#bd3786"], [0.5555555555555556, "#d8576b"], [0.6666666666666666, "#ed7953"], [0.7777777777777778, "#fb9f3a"], [0.8888888888888888, "#fdca26"], [1.0, "#f0f921"]], "type": "histogram2dcontour"}], "mesh3d": [{"colorbar": {"outlinewidth": 0, "ticks": ""}, "type": "mesh3d"}], "parcoords": [{"line": {"colorbar": {"outlinewidth": 0, "ticks": ""}}, "type": "parcoords"}], "pie": [{"automargin": true, "type": "pie"}], "scatter": [{"marker": {"colorbar": {"outlinewidth": 0, "ticks": ""}}, "type": "scatter"}], "scatter3d": [{"line": {"colorbar": {"outlinewidth": 0, "ticks": ""}}, "marker": {"colorbar": {"outlinewidth": 0, "ticks": ""}}, "type": "scatter3d"}], "scattercarpet": [{"marker": {"colorbar": {"outlinewidth": 0, "ticks": ""}}, "type": "scattercarpet"}], "scattergeo": [{"marker": {"colorbar": {"outlinewidth": 0, "ticks": ""}}, "type": "scattergeo"}], "scattergl": [{"marker": {"colorbar": {"outlinewidth": 0, "ticks": ""}}, "type": "scattergl"}], "scattermapbox": [{"marker": {"colorbar": {"outlinewidth": 0, "ticks": ""}}, "type": "scattermapbox"}], "scatterpolar": [{"marker": {"colorbar": {"outlinewidth": 0, "ticks": ""}}, "type": "scatterpolar"}], "scatterpolargl": [{"marker": {"colorbar": {"outlinewidth": 0, "ticks": ""}}, "type": "scatterpolargl"}], "scatterternary": [{"marker": {"colorbar": {"outlinewidth": 0, "ticks": ""}}, "type": "scatterternary"}], "surface": [{"colorbar": {"outlinewidth": 0, "ticks": ""}, "colorscale": [[0.0, "#0d0887"], [0.1111111111111111, "#46039f"], [0.2222222222222222, "#7201a8"], [0.3333333333333333, "#9c179e"], [0.4444444444444444, "#bd3786"], [0.5555555555555556, "#d8576b"], [0.6666666666666666, "#ed7953"], [0.7777777777777778, "#fb9f3a"], [0.8888888888888888, "#fdca26"], [1.0, "#f0f921"]], "type": "surface"}], "table": [{"cells": {"fill": {"color": "#EBF0F8"}, "line": {"color": "white"}}, "header": {"fill": {"color": "#C8D4E3"}, "line": {"color": "white"}}, "type": "table"}]}, "layout": {"annotationdefaults": {"arrowcolor": "#2a3f5f", "arrowhead": 0, "arrowwidth": 1}, "coloraxis": {"colorbar": {"outlinewidth": 0, "ticks": ""}}, "colorscale": {"diverging": [[0, "#8e0152"], [0.1, "#c51b7d"], [0.2, "#de77ae"], [0.3, "#f1b6da"], [0.4, "#fde0ef"], [0.5, "#f7f7f7"], [0.6, "#e6f5d0"], [0.7, "#b8e186"], [0.8, "#7fbc41"], [0.9, "#4d9221"], [1, "#276419"]], "sequential": [[0.0, "#0d0887"], [0.1111111111111111, "#46039f"], [0.2222222222222222, "#7201a8"], [0.3333333333333333, "#9c179e"], [0.4444444444444444, "#bd3786"], [0.5555555555555556, "#d8576b"], [0.6666666666666666, "#ed7953"], [0.7777777777777778, "#fb9f3a"], [0.8888888888888888, "#fdca26"], [1.0, "#f0f921"]], "sequentialminus": [[0.0, "#0d0887"], [0.1111111111111111, "#46039f"], [0.2222222222222222, "#7201a8"], [0.3333333333333333, "#9c179e"], [0.4444444444444444, "#bd3786"], [0.5555555555555556, "#d8576b"], [0.6666666666666666, "#ed7953"], [0.7777777777777778, "#fb9f3a"], [0.8888888888888888, "#fdca26"], [1.0, "#f0f921"]]}, "colorway": ["#636efa", "#EF553B", "#00cc96", "#ab63fa", "#FFA15A", "#19d3f3", "#FF6692", "#B6E880", "#FF97FF", "#FECB52"], "font": {"color": "#2a3f5f"}, "geo": {"bgcolor": "white", "lakecolor": "white", "landcolor": "#E5ECF6", "showlakes": true, "showland": true, "subunitcolor": "white"}, "hoverlabel": {"align": "left"}, "hovermode": "closest", "mapbox": {"style": "light"}, "paper_bgcolor": "white", "plot_bgcolor": "#E5ECF6", "polar": {"angularaxis": {"gridcolor": "white", "linecolor": "white", "ticks": ""}, "bgcolor": "#E5ECF6", "radialaxis": {"gridcolor": "white", "linecolor": "white", "ticks": ""}}, "scene": {"xaxis": {"backgroundcolor": "#E5ECF6", "gridcolor": "white", "gridwidth": 2, "linecolor": "white", "showbackground": true, "ticks": "", "zerolinecolor": "white"}, "yaxis": {"backgroundcolor": "#E5ECF6", "gridcolor": "white", "gridwidth": 2, "linecolor": "white", "showbackground": true, "ticks": "", "zerolinecolor": "white"}, "zaxis": {"backgroundcolor": "#E5ECF6", "gridcolor": "white", "gridwidth": 2, "linecolor": "white", "showbackground": true, "ticks": "", "zerolinecolor": "white"}}, "shapedefaults": {"line": {"color": "#2a3f5f"}}, "ternary": {"aaxis": {"gridcolor": "white", "linecolor": "white", "ticks": ""}, "baxis": {"gridcolor": "white", "linecolor": "white", "ticks": ""}, "bgcolor": "#E5ECF6", "caxis": {"gridcolor": "white", "linecolor": "white", "ticks": ""}}, "title": {"x": 0.05}, "xaxis": {"automargin": true, "gridcolor": "white", "linecolor": "white", "ticks": "", "title": {"standoff": 15}, "zerolinecolor": "white", "zerolinewidth": 2}, "yaxis": {"automargin": true, "gridcolor": "white", "linecolor": "white", "ticks": "", "title": {"standoff": 15}, "zerolinecolor": "white", "zerolinewidth": 2}}}, "width": 800, "xaxis": {"domain": [0.15, 1], "mirror": false, "nticks": 36, "rangemode": "tozero", "showgrid": false, "showline": false, "showticklabels": true, "tickmode": "array", "ticks": "", "ticktext": ["Science & Technology", "Sports", "Gaming", "Entertainment", "News & Politics", "Howto & Style", "People & Blogs", "Education", "Autos & Vehicles", "Music", "Comedy", "Film & Animation", "Pets & Animals", "Travel & Events"], "tickvals": [5.0, 15.0, 25.0, 35.0, 45.0, 55.0, 65.0, 75.0, 85.0, 95.0, 105.0, 115.0, 125.0, 135.0], "type": "linear", "zeroline": false}, "xaxis2": {"domain": [0, 0.15], "mirror": false, "showgrid": false, "showline": false, "showticklabels": false, "ticks": "", "zeroline": false}, "yaxis": {"domain": [0, 0.85], "mirror": false, "rangemode": "tozero", "showgrid": false, "showline": false, "showticklabels": false, "ticks": "", "type": "linear", "zeroline": false}, "yaxis2": {"domain": [0.825, 0.975], "mirror": false, "showgrid": false, "showline": false, "showticklabels": false, "ticks": "", "zeroline": false}},
        {"responsive": true}
    )
};